0.00        0.00
1.00E-03	3.09E+00
1.00E-02	3.55E+00
2.50E-02	4.00E+00
1.00E-01	5.20E+00
2.00E-01	5.87E+00
5.00E-01	6.59E+00
1.00E+00	7.03E+00
2.00E+00	7.39E+00
5.00E+00	7.71E+00
1.00E+01	7.82E+00
2.00E+01	7.84E+00
5.00E+01	7.82E+00
1.00E+02	7.79E+00
2.00E+02	7.73E+00
5.00E+02	7.54E+00
1.00E+03	7.54E+00
2.00E+03	7.61E+00
5.00E+03	7.97E+00
1.00E+04	9.11E+00
2.00E+04	1.22E+01
3.00E+04	1.57E+01
5.00E+04	2.30E+01
7.00E+04	3.06E+01
1.00E+05	4.19E+01
1.50E+05	6.06E+01
2.00E+05	7.88E+01
3.00E+05	1.14E+02
5.00E+05	1.77E+02
7.00E+05	2.32E+02
9.00E+05	2.79E+02
1.00E+06	3.01E+02
1.20E+06	3.30E+02
1.50E+06	3.65E+02
2.00E+06	4.07E+02
3.00E+06	4.58E+02
4.00E+06	4.83E+02
5.00E+06	4.94E+02
6.00E+06	4.98E+02
7.00E+06	4.99E+02
8.00E+06	4.99E+02
9.00E+06	5.00E+02
1.00E+07	5.00E+02
1.20E+07	4.99E+02
1.40E+07	4.95E+02
1.50E+07	4.93E+02
1.60E+07	4.90E+02
1.80E+07	4.84E+02
2.00E+07	4.77E+02
2.10E+07	4.74E+02
3.00E+07	4.53E+02
5.00E+07	4.33E+02
7.50E+07	4.39E+02
1.00E+08	4.44E+02
1.30E+08	4.46E+02
1.50E+08	4.46E+02
1.80E+08	4.47E+02
2.00E+08	4.48E+02
3.00E+08	4.73E+02
4.00E+08	5.15E+02
5.00E+08	5.33E+02
6.00E+08	5.69E+02
7.00E+08	6.25E+02
8.00E+08	6.38E+02
9.00E+08	6.45E+02
1.00E+09	6.63E+02
2.00E+09	7.69E+02
5.00E+09	1.04E+03
1.00E+10	1.39E+03
