0.00        0.00
5.00E+03	1.34E-02
6.00E+03	1.66E-02
7.00E+03	2.25E-02
8.00E+03	3.35E-02
9.00E+03	4.90E-02
1.00E+04	6.85E-02
1.20E+04	1.05E-01
1.30E+04	1.22E-01
1.50E+04	1.56E-01
1.70E+04	1.81E-01
2.00E+04	2.25E-01
2.50E+04	2.75E-01
3.00E+04	3.12E-01
4.00E+04	3.50E-01
5.00E+04	3.69E-01
6.00E+04	3.89E-01
7.00E+04	4.11E-01
8.00E+04	4.43E-01
1.00E+05	5.18E-01
1.50E+05	7.47E-01
2.00E+05	1.00E+00
3.00E+05	1.51E+00
4.00E+05	2.00E+00
5.00E+05	2.47E+00
5.11E+05	2.52E+00
6.00E+05	2.91E+00
6.62E+05	3.17E+00
8.00E+05	3.73E+00
1.00E+06	4.49E+00
1.12E+06	4.90E+00
1.33E+06	5.60E+00
1.50E+06	6.12E+00
2.00E+06	7.48E+00
3.00E+06	9.75E+00
4.00E+06	1.17E+01
5.00E+06	1.34E+01
6.00E+06	1.50E+01
6.13E+06	1.52E+01
8.00E+06	1.86E+01
1.00E+07	2.21E+01
1.50E+07	3.04E+01
2.00E+07	3.82E+01
3.00E+07	5.13E+01
4.00E+07	6.18E+01
5.00E+07	7.23E+01
6.00E+07	8.21E+01
8.00E+07	9.81E+01
1.00E+08	1.10E+02
1.50E+08	1.30E+02
2.00E+08	1.44E+02
3.00E+08	1.61E+02
4.00E+08	1.73E+02
5.00E+08	1.81E+02
6.00E+08	1.87E+02
8.00E+08	1.96E+02
1.00E+09	2.06E+02
1.50E+09	2.13E+02
2.00E+09	2.36E+02
3.00E+09	2.53E+02
4.00E+09	2.67E+02
5.00E+09	2.77E+02
6.00E+09	2.85E+02
8.00E+09	2.99E+02
1.00E+10	3.07E+02
