0.00e+00,2.53e-08,2.00e-03,2.50e-02,1.44e-01,2.50e-01,5.65e-01,1.20e+00,2.50e+00,2.80e+00,3.20e+00,5.00e+00,1.48e+01,1.90e+01,5.00e+01
0.00e+00,1.06e+01,7.70e+00,1.93e+01,1.27e+02,2.03e+02,3.43e+02,4.25e+02,4.16e+02,4.13e+02,4.11e+02,4.05e+02,5.36e+02,5.84e+02,5.84e+02

0.00e+00,1.00e-02,1.50e-02,2.00e-02,3.00e-02,4.00e-02,5.00e-02,6.00e-02,8.00e-02,1.00e-01,1.50e-01,2.00e-01,3.00e-01,4.00e-01,5.00e-01,6.00e-01,8.00e-01,1.00e+00,1.50e+00,2.00e+00,3.00e+00,4.00e+00,5.00e+00,6.00e+00,8.00e+00,1.00e+01,5.00e+01
0.00e+00,6.10e-02,8.30e-01,1.05e+00,8.10e-01,6.40e-01,5.50e-01,5.10e-01,5.30e-01,6.10e-01,8.90e-01,1.20e+00,1.80e+00,2.38e+00,2.93e+00,3.44e+00,4.38e+00,5.20e+00,6.90e+00,8.60e+00,1.11e+01,1.34e+01,1.55e+01,1.76e+01,2.16e+01,2.56e+01,2.56e+01

0.00e+00,1.00e-09,1.00e-08,2.50e-08,1.00e-07,2.00e-07,5.00e-07,1.00e-06,2.00e-06,5.00e-06,1.00e-05,2.00e-05,5.00e-05,1.00e-04,2.00e-04,5.00e-04,1.00e-03,2.00e-03,5.00e-03,1.00e-02,2.00e-02,3.00e-02,5.00e-02,7.00e-02,1.00e-01,1.50e-01,2.00e-01,3.00e-01,5.00e-01,7.00e-01,9.00e-01,1.00e+00,1.20e+00,1.50e+00,2.00e+00,3.00e+00,4.00e+00,5.00e+00,6.00e+00,7.00e+00,8.00e+00,9.00e+00,1.00e+01,1.20e+01,1.40e+01,1.50e+01,1.60e+01,1.80e+01,2.00e+01,2.10e+01,3.00e+01,5.00e+01,7.50e+01,1.00e+02,1.30e+02,1.50e+02,1.80e+02,2.00e+02,3.00e+02,4.00e+02,5.00e+02,6.00e+02,7.00e+02,8.00e+02,9.00e+02,1.00e+03,2.00e+03,5.00e+03,1.00e+04
0.00e+00,3.09e+00,3.55e+00,4.00e+00,5.20e+00,5.87e+00,6.59e+00,7.03e+00,7.39e+00,7.71e+00,7.82e+00,7.84e+00,7.82e+00,7.79e+00,7.73e+00,7.54e+00,7.54e+00,7.61e+00,7.97e+00,9.11e+00,1.22e+01,1.57e+01,2.30e+01,3.06e+01,4.19e+01,6.06e+01,7.88e+01,1.14e+02,1.77e+02,2.32e+02,2.79e+02,3.01e+02,3.30e+02,3.65e+02,4.07e+02,4.58e+02,4.83e+02,4.94e+02,4.98e+02,4.99e+02,4.99e+02,5.00e+02,5.00e+02,4.99e+02,4.95e+02,4.93e+02,4.90e+02,4.84e+02,4.77e+02,4.74e+02,4.53e+02,4.33e+02,4.39e+02,4.44e+02,4.46e+02,4.46e+02,4.47e+02,4.48e+02,4.73e+02,5.15e+02,5.33e+02,5.69e+02,6.25e+02,6.38e+02,6.45e+02,6.63e+02,7.69e+02,1.04e+03,1.39e+03

0.00e+00,5.00e-03,6.00e-03,7.00e-03,8.00e-03,9.00e-03,1.00e-02,1.20e-02,1.30e-02,1.50e-02,1.70e-02,2.00e-02,2.50e-02,3.00e-02,4.00e-02,5.00e-02,6.00e-02,7.00e-02,8.00e-02,1.00e-01,1.50e-01,2.00e-01,3.00e-01,4.00e-01,5.00e-01,5.11e-01,6.00e-01,6.62e-01,8.00e-01,1.00e+00,1.12e+00,1.33e+00,1.50e+00,2.00e+00,3.00e+00,4.00e+00,5.00e+00,6.00e+00,6.13e+00,8.00e+00,1.00e+01,1.50e+01,2.00e+01,3.00e+01,4.00e+01,5.00e+01,6.00e+01,8.00e+01,1.00e+02,1.50e+02,2.00e+02,3.00e+02,4.00e+02,5.00e+02,6.00e+02,8.00e+02,1.00e+03,1.50e+03,2.00e+03,3.00e+03,4.00e+03,5.00e+03,6.00e+03,8.00e+03,1.00e+04
0.00e+00,1.34e-02,1.66e-02,2.25e-02,3.35e-02,4.90e-02,6.85e-02,1.05e-01,1.22e-01,1.56e-01,1.81e-01,2.25e-01,2.75e-01,3.12e-01,3.50e-01,3.69e-01,3.89e-01,4.11e-01,4.43e-01,5.18e-01,7.47e-01,1.00e+00,1.51e+00,2.00e+00,2.47e+00,2.52e+00,2.91e+00,3.17e+00,3.73e+00,4.49e+00,4.90e+00,5.60e+00,6.12e+00,7.48e+00,9.75e+00,1.17e+01,1.34e+01,1.50e+01,1.52e+01,1.86e+01,2.21e+01,3.04e+01,3.82e+01,5.13e+01,6.18e+01,7.23e+01,8.21e+01,9.81e+01,1.10e+02,1.30e+02,1.44e+02,1.61e+02,1.73e+02,1.81e+02,1.87e+02,1.96e+02,2.06e+02,2.13e+02,2.36e+02,2.53e+02,2.67e+02,2.77e+02,2.85e+02,2.99e+02,3.07e+02

